22 144 ---> 22 211 1
22 144 ---> 26 178 1
22 144 ---> 70 179 0
22 144 ---> 70 144 0
22 144 ---> 70 253 0
22 144 ---> 102 54 0
22 144 ---> 102 55 0
22 144 ---> 103 56 0
22 144 ---> 103 57 0
22 144 ---> 115 58 0
22 144 ---> 116 59 0
22 144 ---> 117 59 0
22 144 ---> 118 59 0
22 144 ---> 115 53 0
22 144 ---> 119 53 0
22 144 ---> 120 176 0
22 144 ---> 119 41 0
22 144 ---> 119 68 0
22 144 ---> 122 113 0
22 144 ---> 119 59 0
22 144 ---> 184 50 0
22 144 ---> 180 114 0
22 144 ---> 182 184 0
22 144 ---> 244 48 0
22 211 ---> 22 144 1
22 211 ---> 26 178 1
22 211 ---> 70 179 0
22 211 ---> 70 144 0
22 211 ---> 70 253 0
22 211 ---> 102 54 0
22 211 ---> 102 55 0
22 211 ---> 103 56 0
22 211 ---> 103 57 0
22 211 ---> 115 58 0
22 211 ---> 116 59 0
22 211 ---> 117 59 0
22 211 ---> 118 59 0
22 211 ---> 115 53 0
22 211 ---> 119 53 0
22 211 ---> 120 176 0
22 211 ---> 119 41 0
22 211 ---> 119 68 0
22 211 ---> 122 113 0
22 211 ---> 119 59 0
22 211 ---> 184 50 0
22 211 ---> 180 114 0
22 211 ---> 182 184 0
22 211 ---> 244 48 0
26 178 ---> 22 144 1
26 178 ---> 22 211 1
26 178 ---> 70 179 1
26 178 ---> 70 144 0
26 178 ---> 70 253 0
26 178 ---> 102 54 0
26 178 ---> 102 55 0
26 178 ---> 103 56 0
26 178 ---> 103 57 0
26 178 ---> 115 58 0
26 178 ---> 116 59 0
26 178 ---> 117 59 0
26 178 ---> 118 59 0
26 178 ---> 115 53 0
26 178 ---> 119 53 0
26 178 ---> 120 176 1
26 178 ---> 119 41 0
26 178 ---> 119 68 0
26 178 ---> 122 113 0
26 178 ---> 119 59 0
26 178 ---> 184 50 0
26 178 ---> 180 114 0
26 178 ---> 182 184 0
26 178 ---> 244 48 0
70 179 ---> 22 144 0
70 179 ---> 22 211 0
70 179 ---> 26 178 1
70 179 ---> 70 144 1
70 179 ---> 70 253 1
70 179 ---> 102 54 0
70 179 ---> 102 55 0
70 179 ---> 103 56 0
70 179 ---> 103 57 0
70 179 ---> 115 58 0
70 179 ---> 116 59 0
70 179 ---> 117 59 0
70 179 ---> 118 59 0
70 179 ---> 115 53 0
70 179 ---> 119 53 0
70 179 ---> 120 176 1
70 179 ---> 119 41 0
70 179 ---> 119 68 0
70 179 ---> 122 113 0
70 179 ---> 119 59 0
70 179 ---> 184 50 0
70 179 ---> 180 114 0
70 179 ---> 182 184 0
70 179 ---> 244 48 0
70 144 ---> 22 144 0
70 144 ---> 22 211 0
70 144 ---> 26 178 0
70 144 ---> 70 179 1
70 144 ---> 70 253 1
70 144 ---> 102 54 0
70 144 ---> 102 55 0
70 144 ---> 103 56 0
70 144 ---> 103 57 0
70 144 ---> 115 58 0
70 144 ---> 116 59 0
70 144 ---> 117 59 0
70 144 ---> 118 59 0
70 144 ---> 115 53 0
70 144 ---> 119 53 0
70 144 ---> 120 176 0
70 144 ---> 119 41 0
70 144 ---> 119 68 0
70 144 ---> 122 113 0
70 144 ---> 119 59 0
70 144 ---> 184 50 0
70 144 ---> 180 114 0
70 144 ---> 182 184 0
70 144 ---> 244 48 0
70 253 ---> 22 144 0
70 253 ---> 22 211 0
70 253 ---> 26 178 0
70 253 ---> 70 179 1
70 253 ---> 70 144 1
70 253 ---> 102 54 0
70 253 ---> 102 55 0
70 253 ---> 103 56 0
70 253 ---> 103 57 0
70 253 ---> 115 58 0
70 253 ---> 116 59 0
70 253 ---> 117 59 0
70 253 ---> 118 59 0
70 253 ---> 115 53 0
70 253 ---> 119 53 0
70 253 ---> 120 176 0
70 253 ---> 119 41 0
70 253 ---> 119 68 0
70 253 ---> 122 113 0
70 253 ---> 119 59 0
70 253 ---> 184 50 0
70 253 ---> 180 114 0
70 253 ---> 182 184 0
70 253 ---> 244 48 0
102 54 ---> 22 144 0
102 54 ---> 22 211 0
102 54 ---> 26 178 0
102 54 ---> 70 179 0
102 54 ---> 70 144 0
102 54 ---> 70 253 0
102 54 ---> 102 55 1
102 54 ---> 103 56 1
102 54 ---> 103 57 1
102 54 ---> 115 58 0
102 54 ---> 116 59 0
102 54 ---> 117 59 0
102 54 ---> 118 59 0
102 54 ---> 115 53 0
102 54 ---> 119 53 0
102 54 ---> 120 176 0
102 54 ---> 119 41 1
102 54 ---> 119 68 0
102 54 ---> 122 113 0
102 54 ---> 119 59 0
102 54 ---> 184 50 0
102 54 ---> 180 114 0
102 54 ---> 182 184 0
102 54 ---> 244 48 0
102 55 ---> 22 144 0
102 55 ---> 22 211 0
102 55 ---> 26 178 0
102 55 ---> 70 179 0
102 55 ---> 70 144 0
102 55 ---> 70 253 0
102 55 ---> 102 54 1
102 55 ---> 103 56 1
102 55 ---> 103 57 1
102 55 ---> 115 58 0
102 55 ---> 116 59 0
102 55 ---> 117 59 0
102 55 ---> 118 59 0
102 55 ---> 115 53 0
102 55 ---> 119 53 0
102 55 ---> 120 176 0
102 55 ---> 119 41 0
102 55 ---> 119 68 0
102 55 ---> 122 113 0
102 55 ---> 119 59 0
102 55 ---> 184 50 0
102 55 ---> 180 114 0
102 55 ---> 182 184 0
102 55 ---> 244 48 0
103 56 ---> 22 144 0
103 56 ---> 22 211 0
103 56 ---> 26 178 0
103 56 ---> 70 179 0
103 56 ---> 70 144 0
103 56 ---> 70 253 0
103 56 ---> 102 54 1
103 56 ---> 102 55 1
103 56 ---> 103 57 1
103 56 ---> 115 58 0
103 56 ---> 116 59 0
103 56 ---> 117 59 0
103 56 ---> 118 59 0
103 56 ---> 115 53 0
103 56 ---> 119 53 0
103 56 ---> 120 176 0
103 56 ---> 119 41 0
103 56 ---> 119 68 0
103 56 ---> 122 113 0
103 56 ---> 119 59 0
103 56 ---> 184 50 0
103 56 ---> 180 114 0
103 56 ---> 182 184 0
103 56 ---> 244 48 0
103 57 ---> 22 144 0
103 57 ---> 22 211 0
103 57 ---> 26 178 0
103 57 ---> 70 179 0
103 57 ---> 70 144 0
103 57 ---> 70 253 0
103 57 ---> 102 54 1
103 57 ---> 102 55 1
103 57 ---> 103 56 1
103 57 ---> 115 58 0
103 57 ---> 116 59 0
103 57 ---> 117 59 0
103 57 ---> 118 59 0
103 57 ---> 115 53 0
103 57 ---> 119 53 0
103 57 ---> 120 176 0
103 57 ---> 119 41 0
103 57 ---> 119 68 0
103 57 ---> 122 113 0
103 57 ---> 119 59 0
103 57 ---> 184 50 0
103 57 ---> 180 114 0
103 57 ---> 182 184 0
103 57 ---> 244 48 0
115 58 ---> 22 144 0
115 58 ---> 22 211 0
115 58 ---> 26 178 0
115 58 ---> 70 179 0
115 58 ---> 70 144 0
115 58 ---> 70 253 0
115 58 ---> 102 54 0
115 58 ---> 102 55 0
115 58 ---> 103 56 0
115 58 ---> 103 57 0
115 58 ---> 116 59 1
115 58 ---> 117 59 1
115 58 ---> 118 59 1
115 58 ---> 115 53 0
115 58 ---> 119 53 0
115 58 ---> 120 176 0
115 58 ---> 119 41 0
115 58 ---> 119 68 1
115 58 ---> 122 113 0
115 58 ---> 119 59 1
115 58 ---> 184 50 0
115 58 ---> 180 114 0
115 58 ---> 182 184 0
115 58 ---> 244 48 0
116 59 ---> 22 144 0
116 59 ---> 22 211 0
116 59 ---> 26 178 0
116 59 ---> 70 179 0
116 59 ---> 70 144 0
116 59 ---> 70 253 0
116 59 ---> 102 54 0
116 59 ---> 102 55 0
116 59 ---> 103 56 0
116 59 ---> 103 57 0
116 59 ---> 115 58 1
116 59 ---> 117 59 1
116 59 ---> 118 59 1
116 59 ---> 115 53 0
116 59 ---> 119 53 0
116 59 ---> 120 176 0
116 59 ---> 119 41 0
116 59 ---> 119 68 1
116 59 ---> 122 113 0
116 59 ---> 119 59 1
116 59 ---> 184 50 0
116 59 ---> 180 114 0
116 59 ---> 182 184 0
116 59 ---> 244 48 0
117 59 ---> 22 144 0
117 59 ---> 22 211 0
117 59 ---> 26 178 0
117 59 ---> 70 179 0
117 59 ---> 70 144 0
117 59 ---> 70 253 0
117 59 ---> 102 54 0
117 59 ---> 102 55 0
117 59 ---> 103 56 0
117 59 ---> 103 57 0
117 59 ---> 115 58 1
117 59 ---> 116 59 1
117 59 ---> 118 59 1
117 59 ---> 115 53 0
117 59 ---> 119 53 0
117 59 ---> 120 176 0
117 59 ---> 119 41 0
117 59 ---> 119 68 1
117 59 ---> 122 113 0
117 59 ---> 119 59 1
117 59 ---> 184 50 0
117 59 ---> 180 114 0
117 59 ---> 182 184 0
117 59 ---> 244 48 0
118 59 ---> 22 144 0
118 59 ---> 22 211 0
118 59 ---> 26 178 0
118 59 ---> 70 179 0
118 59 ---> 70 144 0
118 59 ---> 70 253 0
118 59 ---> 102 54 0
118 59 ---> 102 55 0
118 59 ---> 103 56 0
118 59 ---> 103 57 0
118 59 ---> 115 58 1
118 59 ---> 116 59 1
118 59 ---> 117 59 1
118 59 ---> 115 53 0
118 59 ---> 119 53 0
118 59 ---> 120 176 0
118 59 ---> 119 41 0
118 59 ---> 119 68 1
118 59 ---> 122 113 0
118 59 ---> 119 59 1
118 59 ---> 184 50 0
118 59 ---> 180 114 0
118 59 ---> 182 184 0
118 59 ---> 244 48 0
115 53 ---> 22 144 0
115 53 ---> 22 211 0
115 53 ---> 26 178 0
115 53 ---> 70 179 0
115 53 ---> 70 144 0
115 53 ---> 70 253 0
115 53 ---> 102 54 0
115 53 ---> 102 55 0
115 53 ---> 103 56 0
115 53 ---> 103 57 0
115 53 ---> 115 58 0
115 53 ---> 116 59 0
115 53 ---> 117 59 0
115 53 ---> 118 59 0
115 53 ---> 119 53 1
115 53 ---> 120 176 0
115 53 ---> 119 41 1
115 53 ---> 119 68 0
115 53 ---> 122 113 0
115 53 ---> 119 59 0
115 53 ---> 184 50 1
115 53 ---> 180 114 0
115 53 ---> 182 184 0
115 53 ---> 244 48 1
119 53 ---> 22 144 0
119 53 ---> 22 211 0
119 53 ---> 26 178 0
119 53 ---> 70 179 0
119 53 ---> 70 144 0
119 53 ---> 70 253 0
119 53 ---> 102 54 0
119 53 ---> 102 55 0
119 53 ---> 103 56 0
119 53 ---> 103 57 0
119 53 ---> 115 58 0
119 53 ---> 116 59 0
119 53 ---> 117 59 0
119 53 ---> 118 59 0
119 53 ---> 115 53 1
119 53 ---> 120 176 0
119 53 ---> 119 41 1
119 53 ---> 119 68 0
119 53 ---> 122 113 0
119 53 ---> 119 59 0
119 53 ---> 184 50 1
119 53 ---> 180 114 0
119 53 ---> 182 184 0
119 53 ---> 244 48 1
120 176 ---> 22 144 0
120 176 ---> 22 211 0
120 176 ---> 26 178 1
120 176 ---> 70 179 1
120 176 ---> 70 144 0
120 176 ---> 70 253 0
120 176 ---> 102 54 0
120 176 ---> 102 55 0
120 176 ---> 103 56 0
120 176 ---> 103 57 0
120 176 ---> 115 58 0
120 176 ---> 116 59 0
120 176 ---> 117 59 0
120 176 ---> 118 59 0
120 176 ---> 115 53 0
120 176 ---> 119 53 0
120 176 ---> 119 41 0
120 176 ---> 119 68 0
120 176 ---> 122 113 1
120 176 ---> 119 59 0
120 176 ---> 184 50 0
120 176 ---> 180 114 0
120 176 ---> 182 184 1
120 176 ---> 244 48 0
119 41 ---> 22 144 0
119 41 ---> 22 211 0
119 41 ---> 26 178 0
119 41 ---> 70 179 0
119 41 ---> 70 144 0
119 41 ---> 70 253 0
119 41 ---> 102 54 1
119 41 ---> 102 55 0
119 41 ---> 103 56 0
119 41 ---> 103 57 0
119 41 ---> 115 58 0
119 41 ---> 116 59 0
119 41 ---> 117 59 0
119 41 ---> 118 59 0
119 41 ---> 115 53 1
119 41 ---> 119 53 1
119 41 ---> 120 176 0
119 41 ---> 119 68 0
119 41 ---> 122 113 0
119 41 ---> 119 59 0
119 41 ---> 184 50 0
119 41 ---> 180 114 0
119 41 ---> 182 184 0
119 41 ---> 244 48 0
119 68 ---> 22 144 0
119 68 ---> 22 211 0
119 68 ---> 26 178 0
119 68 ---> 70 179 0
119 68 ---> 70 144 0
119 68 ---> 70 253 0
119 68 ---> 102 54 0
119 68 ---> 102 55 0
119 68 ---> 103 56 0
119 68 ---> 103 57 0
119 68 ---> 115 58 1
119 68 ---> 116 59 1
119 68 ---> 117 59 1
119 68 ---> 118 59 1
119 68 ---> 115 53 0
119 68 ---> 119 53 0
119 68 ---> 120 176 0
119 68 ---> 119 41 0
119 68 ---> 122 113 0
119 68 ---> 119 59 1
119 68 ---> 184 50 0
119 68 ---> 180 114 0
119 68 ---> 182 184 0
119 68 ---> 244 48 0
122 113 ---> 22 144 0
122 113 ---> 22 211 0
122 113 ---> 26 178 0
122 113 ---> 70 179 0
122 113 ---> 70 144 0
122 113 ---> 70 253 0
122 113 ---> 102 54 0
122 113 ---> 102 55 0
122 113 ---> 103 56 0
122 113 ---> 103 57 0
122 113 ---> 115 58 0
122 113 ---> 116 59 0
122 113 ---> 117 59 0
122 113 ---> 118 59 0
122 113 ---> 115 53 0
122 113 ---> 119 53 0
122 113 ---> 120 176 1
122 113 ---> 119 41 0
122 113 ---> 119 68 0
122 113 ---> 119 59 0
122 113 ---> 184 50 0
122 113 ---> 180 114 1
122 113 ---> 182 184 0
122 113 ---> 244 48 0
119 59 ---> 22 144 0
119 59 ---> 22 211 0
119 59 ---> 26 178 0
119 59 ---> 70 179 0
119 59 ---> 70 144 0
119 59 ---> 70 253 0
119 59 ---> 102 54 0
119 59 ---> 102 55 0
119 59 ---> 103 56 0
119 59 ---> 103 57 0
119 59 ---> 115 58 1
119 59 ---> 116 59 1
119 59 ---> 117 59 1
119 59 ---> 118 59 1
119 59 ---> 115 53 0
119 59 ---> 119 53 0
119 59 ---> 120 176 0
119 59 ---> 119 41 0
119 59 ---> 119 68 1
119 59 ---> 122 113 0
119 59 ---> 184 50 0
119 59 ---> 180 114 0
119 59 ---> 182 184 0
119 59 ---> 244 48 0
184 50 ---> 22 144 0
184 50 ---> 22 211 0
184 50 ---> 26 178 0
184 50 ---> 70 179 0
184 50 ---> 70 144 0
184 50 ---> 70 253 0
184 50 ---> 102 54 0
184 50 ---> 102 55 0
184 50 ---> 103 56 0
184 50 ---> 103 57 0
184 50 ---> 115 58 0
184 50 ---> 116 59 0
184 50 ---> 117 59 0
184 50 ---> 118 59 0
184 50 ---> 115 53 1
184 50 ---> 119 53 1
184 50 ---> 120 176 0
184 50 ---> 119 41 0
184 50 ---> 119 68 0
184 50 ---> 122 113 0
184 50 ---> 119 59 0
184 50 ---> 180 114 0
184 50 ---> 182 184 1
184 50 ---> 244 48 1
180 114 ---> 22 144 0
180 114 ---> 22 211 0
180 114 ---> 26 178 0
180 114 ---> 70 179 0
180 114 ---> 70 144 0
180 114 ---> 70 253 0
180 114 ---> 102 54 0
180 114 ---> 102 55 0
180 114 ---> 103 56 0
180 114 ---> 103 57 0
180 114 ---> 115 58 0
180 114 ---> 116 59 0
180 114 ---> 117 59 0
180 114 ---> 118 59 0
180 114 ---> 115 53 0
180 114 ---> 119 53 0
180 114 ---> 120 176 0
180 114 ---> 119 41 0
180 114 ---> 119 68 0
180 114 ---> 122 113 1
180 114 ---> 119 59 0
180 114 ---> 184 50 0
180 114 ---> 182 184 0
180 114 ---> 244 48 0
182 184 ---> 22 144 0
182 184 ---> 22 211 0
182 184 ---> 26 178 0
182 184 ---> 70 179 0
182 184 ---> 70 144 0
182 184 ---> 70 253 0
182 184 ---> 102 54 0
182 184 ---> 102 55 0
182 184 ---> 103 56 0
182 184 ---> 103 57 0
182 184 ---> 115 58 0
182 184 ---> 116 59 0
182 184 ---> 117 59 0
182 184 ---> 118 59 0
182 184 ---> 115 53 0
182 184 ---> 119 53 0
182 184 ---> 120 176 1
182 184 ---> 119 41 0
182 184 ---> 119 68 0
182 184 ---> 122 113 0
182 184 ---> 119 59 0
182 184 ---> 184 50 1
182 184 ---> 180 114 0
182 184 ---> 244 48 0
244 48 ---> 22 144 0
244 48 ---> 22 211 0
244 48 ---> 26 178 0
244 48 ---> 70 179 0
244 48 ---> 70 144 0
244 48 ---> 70 253 0
244 48 ---> 102 54 0
244 48 ---> 102 55 0
244 48 ---> 103 56 0
244 48 ---> 103 57 0
244 48 ---> 115 58 0
244 48 ---> 116 59 0
244 48 ---> 117 59 0
244 48 ---> 118 59 0
244 48 ---> 115 53 1
244 48 ---> 119 53 1
244 48 ---> 120 176 0
244 48 ---> 119 41 0
244 48 ---> 119 68 0
244 48 ---> 122 113 0
244 48 ---> 119 59 0
244 48 ---> 184 50 1
244 48 ---> 180 114 0
244 48 ---> 182 184 0
Dijkstra running...
curr_node_index = 24
curr_node 244 48
Dijkstra running...
curr_node_index = 21
curr_node 184 50
Dijkstra running...
curr_node_index = 15
curr_node 119 53
Dijkstra running...
curr_node_index = 14
curr_node 115 53
Dijkstra running...
curr_node_index = 17
curr_node 119 41
Dijkstra running...
curr_node_index = 6
curr_node 102 54
Dijkstra running...
curr_node_index = 7
curr_node 102 55
Dijkstra running...
curr_node_index = 8
curr_node 103 56
Dijkstra running...
curr_node_index = 9
curr_node 103 57
Dijkstra running...
curr_node_index = 23
curr_node 182 184
Dijkstra running...
curr_node_index = 16
curr_node 120 176
Dijkstra running...
curr_node_index = 3
curr_node 70 179
Dijkstra running...
curr_node_index = 19
curr_node 122 113
Dijkstra running...
curr_node_index = 4
curr_node 70 144
Dijkstra running...
curr_node_index = 2
curr_node 26 178
Dijkstra running...
curr_node_index = 22
curr_node 180 114
Dijkstra running...
curr_node_index = 5
curr_node 70 253
Dijkstra running...
Hello
baccha: 22 144
baap: 26 178
baccha: 22 211
baap: 26 178
baccha: 26 178
baap: 120 176
baccha: 70 179
baap: 120 176
baccha: 70 144
baap: 70 179
baccha: 70 253
baap: 70 179
baccha: 102 54
baap: 119 41
baccha: 102 55
baap: 102 54
baccha: 103 56
baap: 102 54
baccha: 103 57
baap: 102 54
baccha: 115 58
baap: 0 0
baccha: 116 59
baap: 0 0
baccha: 117 59
baap: 0 0
baccha: 118 59
baap: 0 0
baccha: 115 53
baap: 244 48
baccha: 119 53
baap: 244 48
baccha: 120 176
baap: 182 184
baccha: 119 41
baap: 119 53
baccha: 119 68
baap: 0 0
baccha: 122 113
baap: 120 176
baccha: 119 59
baap: 0 0
baccha: 184 50
baap: 244 48
baccha: 180 114
baap: 122 113
baccha: 182 184
baap: 184 50
baccha: 244 48
baap: 0 0
